LogisticRegression: 0.6915439917836358
RandomForestClassifier: 0.6770546898869538
