LogisticRegression: 0.6918465227817746
RandomForestClassifier: 0.6784841075794621
