LogisticRegression: 0.6917280356225382
RandomForestClassifier: 0.6533487540742299
