LogisticRegression: 0.6917280356225382
RandomForestClassifier: 0.6559662090813094
