LogisticRegression: 0.6917280356225382
RandomForestClassifier: 0.6515837104072398
