LogisticRegression: 0.6917280356225382
RandomForestClassifier: 0.6504597822640313
