LogisticRegression: 0.6918335901386748
RandomForestClassifier: 0.6767408617520931
