LogisticRegression: 0.6917280356225382
RandomForestClassifier: 0.6570915619389587
