KNeighborsClassifier: 0.6546223332692678
LogisticRegression: 0.6918928173957709
RandomForestClassifier: 0.6779729866964558
